Labels	EY1_2 lifetime	
Type	Time Scan	
Comment		
Start	0.00	
Stop	7.992E007	
Step	8E04	
Fixed/Offset	 	
XAxis	Time	
YAxis	Counts	

0.00	3.015E+3	
8E04	2.990E+3	
1.6E05	2.899E+3	
2.4E05	2.869E+3	
3.2E05	3.009E+3	
4E05	3.001E+3	
4.8E05	2.956E+3	
5.6E05	3.038E+3	
6.4E05	2.941E+3	
7.2E05	3.004E+3	
8E05	2.982E+3	
8.8E05	2.970E+3	
9.6E05	2.977E+3	
1.04E06	3.745E+3	
1.12E06	4.918E+3	
1.2E06	5.374E+3	
1.28E06	5.504E+3	
1.36E06	5.589E+3	
1.44E06	5.512E+3	
1.52E06	5.468E+3	
1.6E06	5.485E+3	
1.68E06	5.521E+3	
1.76E06	5.547E+3	
1.84E06	5.475E+3	
1.92E06	5.272E+3	
2E06	5.324E+3	
2.08E06	5.337E+3	
2.16E06	5.346E+3	
2.24E06	5.150E+3	
2.32E06	5.310E+3	
2.4E06	5.333E+3	
2.48E06	5.292E+3	
2.56E06	5.261E+3	
2.64E06	5.080E+3	
2.72E06	5.231E+3	
2.8E06	5.001E+3	
2.88E06	5.092E+3	
2.96E06	5.208E+3	
3.04E06	4.996E+3	
3.12E06	5.007E+3	
3.2E06	5.046E+3	
3.28E06	5.096E+3	
3.36E06	4.985E+3	
3.44E06	4.918E+3	
3.52E06	4.882E+3	
3.6E06	4.957E+3	
3.68E06	4.839E+3	
3.76E06	4.878E+3	
3.84E06	4.979E+3	
3.92E06	4.777E+3	
4E06	4.904E+3	
4.08E06	4.893E+3	
4.16E06	4.763E+3	
4.24E06	4.798E+3	
4.32E06	4.854E+3	
4.4E06	4.839E+3	
4.48E06	4.709E+3	
4.56E06	4.855E+3	
4.64E06	4.679E+3	
4.72E06	4.612E+3	
4.8E06	4.734E+3	
4.88E06	4.582E+3	
4.96E06	4.565E+3	
5.04E06	4.576E+3	
5.12E06	4.657E+3	
5.2E06	4.573E+3	
5.28E06	4.419E+3	
5.36E06	4.655E+3	
5.44E06	4.534E+3	
5.52E06	4.537E+3	
5.6E06	4.475E+3	
5.68E06	4.549E+3	
5.76E06	4.501E+3	
5.84E06	4.387E+3	
5.92E06	4.420E+3	
6E06	4.516E+3	
6.08E06	4.488E+3	
6.16E06	4.349E+3	
6.24E06	4.334E+3	
6.32E06	4.373E+3	
6.4E06	4.281E+3	
6.48E06	4.350E+3	
6.56E06	4.275E+3	
6.64E06	4.318E+3	
6.72E06	4.365E+3	
6.8E06	4.154E+3	
6.88E06	4.248E+3	
6.96E06	4.238E+3	
7.04E06	4.328E+3	
7.12E06	4.257E+3	
7.2E06	4.438E+3	
7.28E06	4.109E+3	
7.36E06	4.195E+3	
7.44E06	4.220E+3	
7.52E06	4.074E+3	
7.6E06	4.154E+3	
7.68E06	4.231E+3	
7.76E06	4.140E+3	
7.84E06	4.143E+3	
7.92E06	4.191E+3	
8E06	4.250E+3	
8.08E06	4.110E+3	
8.16E06	4.140E+3	
8.24E06	4.191E+3	
8.32E06	3.975E+3	
8.4E06	4.038E+3	
8.48E06	4.108E+3	
8.56E06	4.112E+3	
8.64E06	3.930E+3	
8.72E06	3.918E+3	
8.8E06	3.948E+3	
8.88E06	3.975E+3	
8.96E06	4.117E+3	
9.04E06	4.049E+3	
9.12E06	4.041E+3	
9.2E06	4.026E+3	
9.28E06	3.809E+3	
9.36E06	3.942E+3	
9.44E06	3.850E+3	
9.52E06	3.841E+3	
9.6E06	3.868E+3	
9.68E06	3.890E+3	
9.76E06	3.966E+3	
9.84E06	3.923E+3	
9.92E06	3.770E+3	
1E07	3.903E+3	
1.008E007	3.794E+3	
1.016E007	3.823E+3	
1.024E007	3.870E+3	
1.032E007	3.781E+3	
1.04E07	3.847E+3	
1.048E007	3.746E+3	
1.056E007	3.790E+3	
1.064E007	3.839E+3	
1.072E007	3.821E+3	
1.08E07	3.696E+3	
1.088E007	3.892E+3	
1.096E007	3.809E+3	
1.104E007	3.794E+3	
1.112E007	3.826E+3	
1.12E07	3.729E+3	
1.128E007	3.820E+3	
1.136E007	3.687E+3	
1.144E007	3.705E+3	
1.152E007	3.692E+3	
1.16E07	3.827E+3	
1.168E007	3.654E+3	
1.176E007	3.659E+3	
1.184E007	3.690E+3	
1.192E007	3.695E+3	
1.2E07	3.663E+3	
1.208E007	3.648E+3	
1.216E007	3.610E+3	
1.224E007	3.742E+3	
1.232E007	3.677E+3	
1.24E07	3.679E+3	
1.248E007	3.653E+3	
1.256E007	3.622E+3	
1.264E007	3.582E+3	
1.272E007	3.587E+3	
1.28E07	3.604E+3	
1.288E007	3.544E+3	
1.296E007	3.622E+3	
1.304E007	3.660E+3	
1.312E007	3.668E+3	
1.32E07	3.587E+3	
1.328E007	3.525E+3	
1.336E007	3.625E+3	
1.344E007	3.552E+3	
1.352E007	3.547E+3	
1.36E07	3.448E+3	
1.368E007	3.597E+3	
1.376E007	3.588E+3	
1.384E007	3.538E+3	
1.392E007	3.523E+3	
1.4E07	3.592E+3	
1.408E007	3.504E+3	
1.416E007	3.619E+3	
1.424E007	3.459E+3	
1.432E007	3.633E+3	
1.44E07	3.535E+3	
1.448E007	3.514E+3	
1.456E007	3.481E+3	
1.464E007	3.554E+3	
1.472E007	3.407E+3	
1.48E07	3.526E+3	
1.488E007	3.535E+3	
1.496E007	3.457E+3	
1.504E007	3.491E+3	
1.512E007	3.476E+3	
1.52E07	3.543E+3	
1.528E007	3.373E+3	
1.536E007	3.464E+3	
1.544E007	3.379E+3	
1.552E007	3.420E+3	
1.56E07	3.426E+3	
1.568E007	3.453E+3	
1.576E007	3.379E+3	
1.584E007	3.374E+3	
1.592E007	3.426E+3	
1.6E07	3.363E+3	
1.608E007	3.310E+3	
1.616E007	3.452E+3	
1.624E007	3.438E+3	
1.632E007	3.400E+3	
1.64E07	3.484E+3	
1.648E007	3.361E+3	
1.656E007	3.386E+3	
1.664E007	3.426E+3	
1.672E007	3.380E+3	
1.68E07	3.500E+3	
1.688E007	3.422E+3	
1.696E007	3.345E+3	
1.704E007	3.347E+3	
1.712E007	3.442E+3	
1.72E07	3.345E+3	
1.728E007	3.396E+3	
1.736E007	3.359E+3	
1.744E007	3.306E+3	
1.752E007	3.446E+3	
1.76E07	3.348E+3	
1.768E007	3.316E+3	
1.776E007	3.345E+3	
1.784E007	3.353E+3	
1.792E007	3.266E+3	
1.8E07	3.302E+3	
1.808E007	3.215E+3	
1.816E007	3.284E+3	
1.824E007	3.273E+3	
1.832E007	3.241E+3	
1.84E07	3.350E+3	
1.848E007	3.306E+3	
1.856E007	3.229E+3	
1.864E007	3.335E+3	
1.872E007	3.298E+3	
1.88E07	3.307E+3	
1.888E007	3.364E+3	
1.896E007	3.261E+3	
1.904E007	3.309E+3	
1.912E007	3.425E+3	
1.92E07	3.284E+3	
1.928E007	3.320E+3	
1.936E007	3.242E+3	
1.944E007	3.192E+3	
1.952E007	3.369E+3	
1.96E07	3.208E+3	
1.968E007	3.267E+3	
1.976E007	3.319E+3	
1.984E007	3.268E+3	
1.992E007	3.293E+3	
2E07	3.208E+3	
2.008E007	3.288E+3	
2.016E007	3.270E+3	
2.024E007	3.157E+3	
2.032E007	3.286E+3	
2.04E07	3.187E+3	
2.048E007	3.272E+3	
2.056E007	3.259E+3	
2.064E007	3.267E+3	
2.072E007	3.168E+3	
2.08E07	3.333E+3	
2.088E007	3.210E+3	
2.096E007	3.214E+3	
2.104E007	3.205E+3	
2.112E007	3.212E+3	
2.12E07	3.161E+3	
2.128E007	3.163E+3	
2.136E007	3.318E+3	
2.144E007	3.140E+3	
2.152E007	3.233E+3	
2.16E07	3.159E+3	
2.168E007	3.230E+3	
2.176E007	3.270E+3	
2.184E007	3.144E+3	
2.192E007	3.312E+3	
2.2E07	3.267E+3	
2.208E007	3.158E+3	
2.216E007	3.294E+3	
2.224E007	3.142E+3	
2.232E007	3.147E+3	
2.24E07	3.110E+3	
2.248E007	3.207E+3	
2.256E007	3.201E+3	
2.264E007	3.171E+3	
2.272E007	3.268E+3	
2.28E07	3.138E+3	
2.288E007	3.140E+3	
2.296E007	3.069E+3	
2.304E007	3.200E+3	
2.312E007	3.144E+3	
2.32E07	3.120E+3	
2.328E007	3.191E+3	
2.336E007	3.219E+3	
2.344E007	3.115E+3	
2.352E007	3.185E+3	
2.36E07	3.071E+3	
2.368E007	3.214E+3	
2.376E007	3.191E+3	
2.384E007	3.196E+3	
2.392E007	3.133E+3	
2.4E07	3.179E+3	
2.408E007	3.188E+3	
2.416E007	3.141E+3	
2.424E007	3.126E+3	
2.432E007	3.102E+3	
2.44E07	3.149E+3	
2.448E007	3.090E+3	
2.456E007	3.147E+3	
2.464E007	3.149E+3	
2.472E007	3.178E+3	
2.48E07	3.086E+3	
2.488E007	3.171E+3	
2.496E007	3.154E+3	
2.504E007	3.091E+3	
2.512E007	3.048E+3	
2.52E07	3.010E+3	
2.528E007	3.090E+3	
2.536E007	3.175E+3	
2.544E007	3.166E+3	
2.552E007	3.180E+3	
2.56E07	3.209E+3	
2.568E007	3.139E+3	
2.576E007	3.162E+3	
2.584E007	3.124E+3	
2.592E007	3.142E+3	
2.6E07	3.131E+3	
2.608E007	3.216E+3	
2.616E007	3.123E+3	
2.624E007	3.203E+3	
2.632E007	3.197E+3	
2.64E07	3.138E+3	
2.648E007	3.136E+3	
2.656E007	3.220E+3	
2.664E007	3.088E+3	
2.672E007	3.193E+3	
2.68E07	3.058E+3	
2.688E007	3.047E+3	
2.696E007	3.179E+3	
2.704E007	3.082E+3	
2.712E007	3.048E+3	
2.72E07	3.088E+3	
2.728E007	3.068E+3	
2.736E007	3.166E+3	
2.744E007	3.111E+3	
2.752E007	3.194E+3	
2.76E07	3.063E+3	
2.768E007	3.226E+3	
2.776E007	3.110E+3	
2.784E007	3.106E+3	
2.792E007	3.123E+3	
2.8E07	3.106E+3	
2.808E007	3.142E+3	
2.816E007	3.154E+3	
2.824E007	3.042E+3	
2.832E007	3.159E+3	
2.84E07	3.182E+3	
2.848E007	2.979E+3	
2.856E007	3.056E+3	
2.864E007	3.083E+3	
2.872E007	3.116E+3	
2.88E07	2.993E+3	
2.888E007	3.044E+3	
2.896E007	3.052E+3	
2.904E007	3.100E+3	
2.912E007	3.046E+3	
2.92E07	2.997E+3	
2.928E007	3.168E+3	
2.936E007	3.014E+3	
2.944E007	3.036E+3	
2.952E007	3.085E+3	
2.96E07	3.053E+3	
2.968E007	3.219E+3	
2.976E007	3.050E+3	
2.984E007	3.075E+3	
2.992E007	2.989E+3	
3E07	3.165E+3	
3.008E007	3.084E+3	
3.016E007	3.075E+3	
3.024E007	3.038E+3	
3.032E007	3.090E+3	
3.04E07	3.099E+3	
3.048E007	3.046E+3	
3.056E007	3.054E+3	
3.064E007	2.999E+3	
3.072E007	3.089E+3	
3.08E07	3.233E+3	
3.088E007	3.085E+3	
3.096E007	3.092E+3	
3.104E007	3.010E+3	
3.112E007	3.105E+3	
3.12E07	3.049E+3	
3.128E007	3.021E+3	
3.136E007	3.007E+3	
3.144E007	3.112E+3	
3.152E007	3.045E+3	
3.16E07	3.003E+3	
3.168E007	2.980E+3	
3.176E007	3.077E+3	
3.184E007	3.047E+3	
3.192E007	2.955E+3	
3.2E07	3.064E+3	
3.208E007	3.073E+3	
3.216E007	3.055E+3	
3.224E007	3.070E+3	
3.232E007	3.105E+3	
3.24E07	3.028E+3	
3.248E007	3.049E+3	
3.256E007	3.033E+3	
3.264E007	2.966E+3	
3.272E007	3.053E+3	
3.28E07	3.042E+3	
3.288E007	2.996E+3	
3.296E007	3.042E+3	
3.304E007	3.024E+3	
3.312E007	3.125E+3	
3.32E07	3.035E+3	
3.328E007	2.888E+3	
3.336E007	3.084E+3	
3.344E007	2.976E+3	
3.352E007	3.043E+3	
3.36E07	2.998E+3	
3.368E007	3.005E+3	
3.376E007	3.036E+3	
3.384E007	3.043E+3	
3.392E007	3.112E+3	
3.4E07	3.062E+3	
3.408E007	3.031E+3	
3.416E007	3.010E+3	
3.424E007	3.019E+3	
3.432E007	2.993E+3	
3.44E07	3.023E+3	
3.448E007	3.017E+3	
3.456E007	2.996E+3	
3.464E007	2.991E+3	
3.472E007	3.019E+3	
3.48E07	3.037E+3	
3.488E007	3.106E+3	
3.496E007	3.071E+3	
3.504E007	2.955E+3	
3.512E007	3.018E+3	
3.52E07	2.997E+3	
3.528E007	3.050E+3	
3.536E007	2.959E+3	
3.544E007	3.102E+3	
3.552E007	3.183E+3	
3.56E07	3.026E+3	
3.568E007	3.002E+3	
3.576E007	3.110E+3	
3.584E007	3.018E+3	
3.592E007	2.978E+3	
3.6E07	3.077E+3	
3.608E007	3.146E+3	
3.616E007	3.008E+3	
3.624E007	3.010E+3	
3.632E007	2.986E+3	
3.64E07	3.088E+3	
3.648E007	2.986E+3	
3.656E007	2.971E+3	
3.664E007	3.028E+3	
3.672E007	3.014E+3	
3.68E07	2.998E+3	
3.688E007	3.051E+3	
3.696E007	2.964E+3	
3.704E007	3.112E+3	
3.712E007	3.054E+3	
3.72E07	3.026E+3	
3.728E007	2.982E+3	
3.736E007	2.976E+3	
3.744E007	3.013E+3	
3.752E007	3.024E+3	
3.76E07	3.105E+3	
3.768E007	3.041E+3	
3.776E007	3.004E+3	
3.784E007	3.035E+3	
3.792E007	3.113E+3	
3.8E07	3.028E+3	
3.808E007	3.025E+3	
3.816E007	3.004E+3	
3.824E007	3.033E+3	
3.832E007	3.104E+3	
3.84E07	3.034E+3	
3.848E007	2.954E+3	
3.856E007	2.989E+3	
3.864E007	2.995E+3	
3.872E007	3.011E+3	
3.88E07	3.041E+3	
3.888E007	3.031E+3	
3.896E007	3.038E+3	
3.904E007	3.081E+3	
3.912E007	3.048E+3	
3.92E07	3.083E+3	
3.928E007	2.975E+3	
3.936E007	3.000E+3	
3.944E007	3.015E+3	
3.952E007	3.002E+3	
3.96E07	2.921E+3	
3.968E007	2.920E+3	
3.976E007	2.978E+3	
3.984E007	2.932E+3	
3.992E007	3.024E+3	
4E07	3.027E+3	
4.008E007	3.042E+3	
4.016E007	3.031E+3	
4.024E007	2.990E+3	
4.032E007	3.022E+3	
4.04E07	2.926E+3	
4.048E007	2.922E+3	
4.056E007	2.912E+3	
4.064E007	2.913E+3	
4.072E007	3.021E+3	
4.08E07	3.087E+3	
4.088E007	3.043E+3	
4.096E007	2.949E+3	
4.104E007	2.958E+3	
4.112E007	2.963E+3	
4.12E07	2.982E+3	
4.128E007	2.945E+3	
4.136E007	2.928E+3	
4.144E007	2.995E+3	
4.152E007	2.945E+3	
4.16E07	2.900E+3	
4.168E007	2.956E+3	
4.176E007	3.093E+3	
4.184E007	3.013E+3	
4.192E007	2.989E+3	
4.2E07	3.005E+3	
4.208E007	3.065E+3	
4.216E007	2.933E+3	
4.224E007	2.994E+3	
4.232E007	2.953E+3	
4.24E07	2.988E+3	
4.248E007	3.062E+3	
4.256E007	3.072E+3	
4.264E007	2.919E+3	
4.272E007	2.907E+3	
4.28E07	2.943E+3	
4.288E007	2.981E+3	
4.296E007	3.039E+3	
4.304E007	3.024E+3	
4.312E007	3.044E+3	
4.32E07	2.937E+3	
4.328E007	3.089E+3	
4.336E007	2.981E+3	
4.344E007	3.014E+3	
4.352E007	2.975E+3	
4.36E07	3.022E+3	
4.368E007	3.036E+3	
4.376E007	3.093E+3	
4.384E007	2.994E+3	
4.392E007	2.980E+3	
4.4E07	3.085E+3	
4.408E007	2.926E+3	
4.416E007	2.982E+3	
4.424E007	3.003E+3	
4.432E007	3.011E+3	
4.44E07	3.075E+3	
4.448E007	2.989E+3	
4.456E007	3.038E+3	
4.464E007	3.038E+3	
4.472E007	3.062E+3	
4.48E07	3.030E+3	
4.488E007	2.953E+3	
4.496E007	2.962E+3	
4.504E007	2.932E+3	
4.512E007	2.969E+3	
4.52E07	3.012E+3	
4.528E007	2.934E+3	
4.536E007	3.006E+3	
4.544E007	2.962E+3	
4.552E007	2.992E+3	
4.56E07	3.004E+3	
4.568E007	2.996E+3	
4.576E007	3.011E+3	
4.584E007	3.028E+3	
4.592E007	2.939E+3	
4.6E07	3.010E+3	
4.608E007	2.997E+3	
4.616E007	2.933E+3	
4.624E007	3.047E+3	
4.632E007	3.020E+3	
4.64E07	3.005E+3	
4.648E007	2.972E+3	
4.656E007	2.992E+3	
4.664E007	2.989E+3	
4.672E007	2.982E+3	
4.68E07	2.972E+3	
4.688E007	3.020E+3	
4.696E007	2.996E+3	
4.704E007	2.957E+3	
4.712E007	3.038E+3	
4.72E07	3.007E+3	
4.728E007	2.972E+3	
4.736E007	2.916E+3	
4.744E007	3.057E+3	
4.752E007	2.974E+3	
4.76E07	2.950E+3	
4.768E007	3.059E+3	
4.776E007	2.872E+3	
4.784E007	2.992E+3	
4.792E007	2.878E+3	
4.8E07	2.953E+3	
4.808E007	2.929E+3	
4.816E007	2.979E+3	
4.824E007	2.861E+3	
4.832E007	2.949E+3	
4.84E07	3.005E+3	
4.848E007	3.062E+3	
4.856E007	3.078E+3	
4.864E007	2.960E+3	
4.872E007	2.957E+3	
4.88E07	3.135E+3	
4.888E007	3.001E+3	
4.896E007	2.919E+3	
4.904E007	3.017E+3	
4.912E007	2.999E+3	
4.92E07	2.902E+3	
4.928E007	3.009E+3	
4.936E007	2.989E+3	
4.944E007	2.947E+3	
4.952E007	2.938E+3	
4.96E07	2.977E+3	
4.968E007	2.941E+3	
4.976E007	2.933E+3	
4.984E007	3.012E+3	
4.992E007	2.952E+3	
5E07	3.036E+3	
5.008E007	3.005E+3	
5.016E007	3.050E+3	
5.024E007	2.983E+3	
5.032E007	2.872E+3	
5.04E07	3.087E+3	
5.048E007	3.007E+3	
5.056E007	2.923E+3	
5.064E007	2.970E+3	
5.072E007	3.031E+3	
5.08E07	2.876E+3	
5.088E007	2.959E+3	
5.096E007	2.997E+3	
5.104E007	2.862E+3	
5.112E007	2.867E+3	
5.12E07	2.958E+3	
5.128E007	3.000E+3	
5.136E007	3.072E+3	
5.144E007	2.942E+3	
5.152E007	2.995E+3	
5.16E07	2.931E+3	
5.168E007	2.982E+3	
5.176E007	3.002E+3	
5.184E007	2.876E+3	
5.192E007	2.842E+3	
5.2E07	2.927E+3	
5.208E007	2.965E+3	
5.216E007	3.007E+3	
5.224E007	2.970E+3	
5.232E007	3.003E+3	
5.24E07	2.993E+3	
5.248E007	2.939E+3	
5.256E007	2.937E+3	
5.264E007	2.984E+3	
5.272E007	2.926E+3	
5.28E07	2.851E+3	
5.288E007	2.997E+3	
5.296E007	3.014E+3	
5.304E007	2.977E+3	
5.312E007	2.958E+3	
5.32E07	2.985E+3	
5.328E007	2.984E+3	
5.336E007	2.919E+3	
5.344E007	2.918E+3	
5.352E007	2.879E+3	
5.36E07	3.011E+3	
5.368E007	3.086E+3	
5.376E007	2.998E+3	
5.384E007	2.991E+3	
5.392E007	3.068E+3	
5.4E07	3.006E+3	
5.408E007	3.017E+3	
5.416E007	2.991E+3	
5.424E007	2.927E+3	
5.432E007	2.984E+3	
5.44E07	2.908E+3	
5.448E007	3.001E+3	
5.456E007	2.984E+3	
5.464E007	2.963E+3	
5.472E007	2.927E+3	
5.48E07	2.986E+3	
5.488E007	3.061E+3	
5.496E007	2.901E+3	
5.504E007	3.105E+3	
5.512E007	2.967E+3	
5.52E07	2.981E+3	
5.528E007	2.998E+3	
5.536E007	2.935E+3	
5.544E007	3.094E+3	
5.552E007	2.983E+3	
5.56E07	2.906E+3	
5.568E007	2.977E+3	
5.576E007	2.976E+3	
5.584E007	2.931E+3	
5.592E007	2.971E+3	
5.6E07	2.949E+3	
5.608E007	2.898E+3	
5.616E007	3.077E+3	
5.624E007	2.937E+3	
5.632E007	3.144E+3	
5.64E07	3.003E+3	
5.648E007	3.011E+3	
5.656E007	2.978E+3	
5.664E007	2.932E+3	
5.672E007	3.044E+3	
5.68E07	2.955E+3	
5.688E007	2.933E+3	
5.696E007	3.080E+3	
5.704E007	2.930E+3	
5.712E007	2.923E+3	
5.72E07	2.929E+3	
5.728E007	2.967E+3	
5.736E007	2.911E+3	
5.744E007	2.979E+3	
5.752E007	2.924E+3	
5.76E07	2.961E+3	
5.768E007	3.057E+3	
5.776E007	2.952E+3	
5.784E007	3.002E+3	
5.792E007	2.994E+3	
5.8E07	2.921E+3	
5.808E007	2.937E+3	
5.816E007	2.989E+3	
5.824E007	2.955E+3	
5.832E007	2.941E+3	
5.84E07	3.054E+3	
5.848E007	3.001E+3	
5.856E007	2.894E+3	
5.864E007	2.857E+3	
5.872E007	3.012E+3	
5.88E07	3.026E+3	
5.888E007	2.971E+3	
5.896E007	3.015E+3	
5.904E007	2.976E+3	
5.912E007	2.976E+3	
5.92E07	2.990E+3	
5.928E007	2.931E+3	
5.936E007	3.074E+3	
5.944E007	2.997E+3	
5.952E007	2.932E+3	
5.96E07	2.963E+3	
5.968E007	2.950E+3	
5.976E007	2.972E+3	
5.984E007	2.912E+3	
5.992E007	3.010E+3	
6E07	2.891E+3	
6.008E007	2.986E+3	
6.016E007	2.943E+3	
6.024E007	3.029E+3	
6.032E007	3.021E+3	
6.04E07	3.072E+3	
6.048E007	3.038E+3	
6.056E007	2.906E+3	
6.064E007	3.030E+3	
6.072E007	2.910E+3	
6.08E07	2.944E+3	
6.088E007	3.024E+3	
6.096E007	2.947E+3	
6.104E007	3.067E+3	
6.112E007	2.899E+3	
6.12E07	2.950E+3	
6.128E007	2.980E+3	
6.136E007	3.073E+3	
6.144E007	2.976E+3	
6.152E007	2.959E+3	
6.16E07	2.990E+3	
6.168E007	2.939E+3	
6.176E007	3.049E+3	
6.184E007	2.872E+3	
6.192E007	3.032E+3	
6.2E07	2.965E+3	
6.208E007	2.930E+3	
6.216E007	2.893E+3	
6.224E007	2.910E+3	
6.232E007	2.949E+3	
6.24E07	2.843E+3	
6.248E007	2.985E+3	
6.256E007	2.952E+3	
6.264E007	2.898E+3	
6.272E007	3.017E+3	
6.28E07	2.928E+3	
6.288E007	2.957E+3	
6.296E007	2.944E+3	
6.304E007	2.897E+3	
6.312E007	2.941E+3	
6.32E07	3.000E+3	
6.328E007	2.884E+3	
6.336E007	3.053E+3	
6.344E007	2.971E+3	
6.352E007	2.940E+3	
6.36E07	2.952E+3	
6.368E007	2.950E+3	
6.376E007	2.943E+3	
6.384E007	2.923E+3	
6.392E007	2.880E+3	
6.4E07	2.862E+3	
6.408E007	2.970E+3	
6.416E007	2.915E+3	
6.424E007	2.927E+3	
6.432E007	3.068E+3	
6.44E07	3.013E+3	
6.448E007	2.876E+3	
6.456E007	2.917E+3	
6.464E007	2.968E+3	
6.472E007	2.971E+3	
6.48E07	2.912E+3	
6.488E007	2.968E+3	
6.496E007	2.955E+3	
6.504E007	3.030E+3	
6.512E007	2.961E+3	
6.52E07	2.946E+3	
6.528E007	2.958E+3	
6.536E007	2.996E+3	
6.544E007	2.896E+3	
6.552E007	2.963E+3	
6.56E07	2.960E+3	
6.568E007	2.912E+3	
6.576E007	2.957E+3	
6.584E007	2.941E+3	
6.592E007	3.114E+3	
6.6E07	2.959E+3	
6.608E007	2.913E+3	
6.616E007	2.906E+3	
6.624E007	3.011E+3	
6.632E007	2.950E+3	
6.64E07	2.943E+3	
6.648E007	2.965E+3	
6.656E007	2.994E+3	
6.664E007	3.041E+3	
6.672E007	3.073E+3	
6.68E07	2.939E+3	
6.688E007	3.009E+3	
6.696E007	2.903E+3	
6.704E007	2.992E+3	
6.712E007	2.889E+3	
6.72E07	2.983E+3	
6.728E007	2.960E+3	
6.736E007	2.945E+3	
6.744E007	2.981E+3	
6.752E007	2.942E+3	
6.76E07	2.959E+3	
6.768E007	2.985E+3	
6.776E007	3.027E+3	
6.784E007	3.014E+3	
6.792E007	2.910E+3	
6.8E07	2.974E+3	
6.808E007	2.984E+3	
6.816E007	2.938E+3	
6.824E007	2.985E+3	
6.832E007	3.099E+3	
6.84E07	2.940E+3	
6.848E007	2.958E+3	
6.856E007	2.998E+3	
6.864E007	2.991E+3	
6.872E007	2.971E+3	
6.88E07	3.052E+3	
6.888E007	2.903E+3	
6.896E007	3.044E+3	
6.904E007	3.017E+3	
6.912E007	2.999E+3	
6.92E07	3.017E+3	
6.928E007	3.071E+3	
6.936E007	2.940E+3	
6.944E007	3.016E+3	
6.952E007	2.943E+3	
6.96E07	2.983E+3	
6.968E007	3.075E+3	
6.976E007	2.988E+3	
6.984E007	2.971E+3	
6.992E007	2.970E+3	
7E07	2.909E+3	
7.008E007	2.979E+3	
7.016E007	2.955E+3	
7.024E007	2.963E+3	
7.032E007	3.015E+3	
7.04E07	2.915E+3	
7.048E007	2.980E+3	
7.056E007	3.054E+3	
7.064E007	2.999E+3	
7.072E007	3.023E+3	
7.08E07	2.877E+3	
7.088E007	2.958E+3	
7.096E007	2.944E+3	
7.104E007	2.945E+3	
7.112E007	2.970E+3	
7.12E07	2.981E+3	
7.128E007	2.970E+3	
7.136E007	2.996E+3	
7.144E007	3.030E+3	
7.152E007	2.958E+3	
7.16E07	2.978E+3	
7.168E007	3.001E+3	
7.176E007	2.953E+3	
7.184E007	2.967E+3	
7.192E007	3.146E+3	
7.2E07	3.039E+3	
7.208E007	2.985E+3	
7.216E007	2.954E+3	
7.224E007	2.977E+3	
7.232E007	2.954E+3	
7.24E07	3.012E+3	
7.248E007	2.929E+3	
7.256E007	2.942E+3	
7.264E007	3.072E+3	
7.272E007	3.040E+3	
7.28E07	2.905E+3	
7.288E007	3.032E+3	
7.296E007	2.991E+3	
7.304E007	2.949E+3	
7.312E007	2.974E+3	
7.32E07	3.052E+3	
7.328E007	3.003E+3	
7.336E007	2.984E+3	
7.344E007	3.001E+3	
7.352E007	2.913E+3	
7.36E07	2.982E+3	
7.368E007	3.097E+3	
7.376E007	2.956E+3	
7.384E007	2.990E+3	
7.392E007	2.904E+3	
7.4E07	2.969E+3	
7.408E007	2.970E+3	
7.416E007	2.916E+3	
7.424E007	2.988E+3	
7.432E007	3.008E+3	
7.44E07	3.009E+3	
7.448E007	2.962E+3	
7.456E007	2.912E+3	
7.464E007	2.922E+3	
7.472E007	3.009E+3	
7.48E07	2.954E+3	
7.488E007	2.977E+3	
7.496E007	2.981E+3	
7.504E007	3.026E+3	
7.512E007	2.856E+3	
7.52E07	3.039E+3	
7.528E007	2.895E+3	
7.536E007	3.044E+3	
7.544E007	3.007E+3	
7.552E007	2.967E+3	
7.56E07	2.956E+3	
7.568E007	2.912E+3	
7.576E007	3.013E+3	
7.584E007	2.976E+3	
7.592E007	3.033E+3	
7.6E07	2.929E+3	
7.608E007	2.830E+3	
7.616E007	3.069E+3	
7.624E007	2.945E+3	
7.632E007	2.955E+3	
7.64E07	3.071E+3	
7.648E007	3.026E+3	
7.656E007	3.015E+3	
7.664E007	2.930E+3	
7.672E007	2.983E+3	
7.68E07	2.943E+3	
7.688E007	2.974E+3	
7.696E007	3.063E+3	
7.704E007	2.949E+3	
7.712E007	2.948E+3	
7.72E07	2.957E+3	
7.728E007	2.998E+3	
7.736E007	2.913E+3	
7.744E007	2.957E+3	
7.752E007	2.946E+3	
7.76E07	2.964E+3	
7.768E007	2.833E+3	
7.776E007	3.070E+3	
7.784E007	2.982E+3	
7.792E007	2.947E+3	
7.8E07	2.981E+3	
7.808E007	2.845E+3	
7.816E007	3.011E+3	
7.824E007	3.000E+3	
7.832E007	2.921E+3	
7.84E07	2.906E+3	
7.848E007	3.017E+3	
7.856E007	3.036E+3	
7.864E007	3.029E+3	
7.872E007	3.043E+3	
7.88E07	2.942E+3	
7.888E007	3.048E+3	
7.896E007	2.984E+3	
7.904E007	2.887E+3	
7.912E007	3.067E+3	
7.92E07	2.918E+3	
7.928E007	2.986E+3	
7.936E007	2.982E+3	
7.944E007	2.970E+3	
7.952E007	2.977E+3	
7.96E07	3.041E+3	
7.968E007	2.875E+3	
7.976E007	3.038E+3	
7.984E007	2.954E+3	
7.992E007	2.965E+3	
