Data Log File:  160320181137	Recipe:  	03/16/2018	Notes:  																																													
Time Stamp	Loadlock Pressure	LL IG	Foreline	DEP Pressure	DEP IG	Manometer Lo	Manometer Hi	LL Turbo Hz	DEP Turbo Hz	VAT Position	DEP Water gpm	O2 sccm	N2 sccm	Ar sccm	N2 sccm	DEP Heater Temp C	DEP Heater Setpoint C	DEP Heater V	DEP Heater W	TC 1 C	TC 2 C	Laser Shutter Open	Ophir mW	Mylar mm/sec	Mylar Setpoint mm/sec	Mylar Length	Forward Clutch V	Reverse Clutch V	Tension N	Tension Setpoint N	Jaz Upper Limit	Jaz Lower Limit	Spectrum 0 Scale	Spectrum 1 Scale	Spectrum 2 Scale	Spectrum 0 Intensity	Spectrum 1 Intensity	Spectrum 2 Intensity	Attenuator Degrees	Target mm	Target Index 	Target Z mm	Laser Scan mm	Deposition Wafer	Wafer Message	Deposition Message	Transfer Messages	Deposition Recipe
11:38:03	0	4.26E-08	0.3199999928	0.0806000009	1000	50.9010467529	89.9479980469	1000	820	2617	1.163520813	19.9952011108	0.1055984497	-0.0492782593	0.0239982605	750	750	40.2999992371	1227.1350097656	22	-32768	310	310	0.44838956	0.5	14.5453777313	100	4.787320137	3.6663696766	4	800	200	10000	10000	10000	0	0	0	11	-2.3966999054	0	-3.7001731396	51.283000946	3			Transfer Complete 	
11:38:13	0	4.27E-08	0.3210000098	0.0806000009	1000	50.9013519287	89.9039993286	1000	820	2692	1.1721591949	19.9952011108	0.1055984497	-0.0515213013	0.0271987915	750	750	40.2999992371	1227.5379638672	22	-32768	360	335	0.4789649248	0.5	14.5507011414	100	4.933608532	3.7544541359	4	800	200	10000	10000	10000	0	0	0	13	-2.0132000446	0	-3.7001731396	63	3			Transfer Complete 	
11:38:23	0	4.26E-08	0.3210000098	0.0806000009	1000	50.901599884	89.8710021973	1000	820	2701	1.1620807648	19.9952011108	0.1055984497	-0.0492782593	0.0239982605	750	750	40.4000015259	1231.7960205078	22	-32768	420	360	0.4808667302	0.5	14.5555915833	100	5.3038992882	3.7455565929	4	800	200	10000	10000	10000	0	0	0	15	-1.7972999811	1	-3.7001731396	53.4720001221	3			Transfer Complete 	
11:38:33	0	4.26E-08	0.3210000098	0.0806000009	1000	50.901599884	89.9619979858	1000	820	2754	1.1743202209	19.9952011108	0.1055984497	-0.0492782593	0.0223999023	750	750	40.4000015259	1233.4119873047	23	-32768	480	4.9949998856	0.5108568668	0.5	14.5609149933	100	5.7305092812	3.5978653431	4	800	200	10000	10000	10000	0	17	0	11.5	-1.3969999552	1	-3.7001731396	40	3			Transfer Complete 	
11:38:43	0	4.25E-08	0.3199999928	0.0806000009	1000	50.9011993408	89.8720016479	1000	820	2702	1.161359787	19.9952011108	0.1072006226	-0.0515213013	0.0239982605	750	750	40.4000015259	1233.8160400391	22	-32768	220	4.9949998856	1.4627887011	0.5	14.5675525665	100	6.0700592995	3.5186843872	4	800	200	10000	10000	10000	0	0	0	11.5	-1.1964999437	1	-3.7001731396	46.0519981384	3			Transfer Complete 	
11:38:53	0	4.25E-08	0.3210000098	0.0806000009	1000	50.9014015198	89.8079986572	1000	820	2658	1.1685600281	19.9952011108	0.1072006226	-0.0492782593	0.0271987915	750	750	40.4000015259	1236.2399902344	22	-32768	330	4.9949998856	2.1039931774	0.5	14.5782842636	100	7.086482048	3.3024902344	4	800	200	10000	10000	10000	0	0	0	11.5	-0.7972999811	1	-3.7001731396	60.6539993286	3			Transfer Complete 	
11:39:03	0	4.24E-08	0.3210000098	0.0806000009	1000	50.9017524719	90.0350036621	1000	820	2749	1.1491203308	19.9952011108	0.1055984497	-0.0492782593	0.0239982605	750	750	40.2999992371	1228.3439941406	22	-32768	435	4.9949998856	0.8215842843	0.5	14.5865468979	100	5.9487786293	4.4884352684	4	800	200	10000	10000	10000	0	0	0	11.5	-0.5963000059	1	-3.7001731396	59.9280014038	3			Transfer Complete 	
11:39:13	0	4.24E-08	0.3199999928	0.0806000009	1000	50.9013519287	89.9020004272	1000	820	2789	1.1671199799	19.9952011108	0.1040000916	-0.0515213013	0.0223999023	750	750	40.4000015259	1233.8160400391	22	-32768	350	4.9949998856	0.2560136318	0.5	14.595035553	100	5.5361652374	4.2758026123	4	800	200	10000	10000	10000	0	0	0	11.5	-0.1960999966	1	-3.7001731396	43.5400009155	3			Transfer Complete 	
11:39:23	0	4.23E-08	0.3210000098	0.0806000009	1000	50.9013519287	90.0670013428	1000	820	2668	1.1548805237	19.9952011108	0.1055984497	-0.0515213013	0.0239982605	750	750	40.2999992371	1228.7469482422	22	-32768	240	4.9949998856	1.0901792049	0.5	14.60521698	100	5.8439054489	3.8754470348	4	800	200	10000	10000	10000	0	0	0	11.5	0.0035000001	1	-3.7001731396	40.2379989624	3			Transfer Complete 	
11:39:33	0	4.23E-08	0.3210000098	0.0806000009	1000	50.9012985229	90.0270004272	1000	820	2575	1.1678390503	19.9952011108	0.1055984497	-0.0515213013	0.0271987915	750	750	40.5	1240.5150146484	22	-32768	19.4917964935	4.9949998856	1.5378372669	0.5	14.6195774078	100	6.2068147659	3.8158385754	4	800	200	10000	10000	10000	0	0	0	11.5	0.4034000039	1	-3.7001731396	54.5880012512	3			Transfer Complete 	
11:39:43	0	4.23E-08	0.3210000098	0.0806000009	1000	50.901599884	89.8460006714	1000	820	2615	1.1570396423	19.9952011108	0.1055984497	-0.0515213013	0.0239982605	750	750	40.5	1239.3000488281	22	-32768	19.4364528656	4.9949998856	1.9792047739	0.5	14.6311607361	100	6.4039731026	3.7971541882	4	800	200	10000	10000	10000	0	0	0	11.5	0.6039000154	1	-3.7001731396	63.0050010681	3			Transfer Complete 	
11:39:53	0	4.23E-08	0.3199999928	0.0806000009	1000	50.9019012451	90.0670013428	1000	820	2657	1.1541595459	19.996799469	0.1055984497	-0.0515213013	0.0239982605	750	750	40.2000007629	1224.0899658203	22	-32768	19.2762794495	4.9949998856	0.2950739861	0.5	14.6394414902	100	6.1371479034	4.2428817749	4	800	200	10000	10000	10000	0	0	0	11.5	1.0041999817	1	-3.7001731396	49.9269981384	3			Transfer Complete 	
11:40:03	0	4.22E-08	0.3219999969	0.0806000009	1000	50.9013519287	89.9649963379	1000	820	2828	1.1620807648	19.996799469	0.1055984497	-0.0492782593	0.0239982605	750	750	40.2999992371	1229.5529785156	22	-32768	19.2460422516	4.9949998856	0.8770295382	0.5	14.6468524933	100	4.4472455978	5.1432433128	4	800	200	10000	10000	10000	0	0	0	11.5	1.244500041	1	-3.7001731396	40	3			Transfer Complete 	
11:40:13	0	4.22E-08	0.3210000098	0.0806000009	1000	50.9016990662	89.9390029907	1000	820	2670	1.1764793396	19.9952011108	0.1055984497	-0.0515213013	0.0223999023	750	750	40.4000015259	1234.6240234375	22	-32768	19.4288291931	4.9949998856	1.4806364775	0.5	14.6562681198	100	4.2252449989	4.4297180176	4	800	200	10000	10000	10000	0	0	0	11.5	1.6044000387	1	-3.7001731396	49.608001709	3			Transfer Complete 	
11:40:23	0	4.21E-08	0.3199999928	0.0806000009	1000	50.9014472961	89.8079986572	1000	820	2710	1.1642398834	19.9952011108	0.1055984497	-0.0492782593	0.0271987915	750	750	40.2999992371	1228.7469482422	22	-32768	19.4285831451	4.9949998856	1.1396263838	0.5	14.6645774841	100	5.328312397	3.6094298363	4	800	200	10000	10000	10000	0	0	0	11.5	2.0044999123	1	-3.7001731396	63	3			Transfer Complete 	
11:40:33	0	4.21E-08	0.3199999928	0.0806000009	1000	50.901550293	89.9329986572	1000	820	2680	1.163520813	19.996799469	0.1040000916	-0.0492782593	0.0239982605	750	750	40.4000015259	1233.4119873047	22	-32768	19.6387310028	4.9949998856	0.8534762859	0.5	14.671084404	100	5.5499053001	3.6645903587	4	800	200	10000	10000	10000	0	0	0	11.5	2.2040998936	1	-3.7001731396	56.7560005188	3			Transfer Complete 	
11:40:43	0	4.21E-08	0.3210000098	0.0806000009	1000	50.9017524719	89.9649963379	1000	820	2750	1.1555995941	19.9952011108	0.1055984497	-0.0537605286	0.0239982605	750	750	40.4000015259	1234.6240234375	22	-32768	19.5183143616	4.9949998856	0.2190013677	0.5	14.6759824753	100	5.5494070053	3.8505339622	4	800	200	10000	10000	10000	0	0	0	11.5	2.6041998863	1	-3.7001731396	42.797000885	3			Transfer Complete 	
11:40:53	0	4.2E-08	0.3210000098	0.0806000009	1000	50.9015007019	89.8479995728	1000	820	2747	1.1534404755	19.9952011108	0.1055984497	-0.0492782593	0.0271987915	750	750	40.4000015259	1234.6240234375	22	-32768	19.1829586029	4.9949998856	1.1807348728	0.5	14.6853103638	100	5.3617739677	3.9955534935	4	800	200	10000	10000	10000	0	0	0	11.5	2.804500103	1	-3.7001731396	44.0540008545	3			Transfer Complete 	
11:41:03	0	4.2E-08	0.3199999928	0.0806000009	1000	50.901550293	89.9010009766	1000	820	2687	1.1779193878	19.9952011108	0.1055984497	-0.0492782593	0.0239982605	750	750	40.2999992371	1228.7469482422	22	-32768	19.4756278992	4.9949998856	1.4137803316	0.5	14.6968612671	100	5.448009491	3.9314987659	4	800	200	10000	10000	10000	0	0	0	11.5	3.2049999237	1	-3.7001731396	59.0379981995	3			Transfer Complete 	
11:41:13	0	4.2E-08	0.3199999928	0.0806000009	1000	50.901550293	90.0100021362	1000	820	2656	1.1671199799	19.9952011108	0.1055984497	-0.0559997559	0.0271987915	750	750	40.4000015259	1235.8360595703	22	-32768	19.4421081543	4.9949998856	0.7124493122	0.5	14.7075433731	100	5.4248123169	4.0035614967	4	800	200	10000	10000	10000	0	0	0	11.5	3.4042000771	1	-3.7001731396	61.8629989624	3			Transfer Complete 	
11:41:23	0	4.2E-08	0.3210000098	0.0806000009	1000	50.901550293	90	1000	820	2720	1.1664009094	19.9952011108	0.1055984497	-0.0492782593	0.0271987915	750	750	40.4000015259	1232.6040039063	23	-32768	19.5422611237	4.9949998856	0.3326714039	0.5	14.7141199112	100	5.5490684509	3.9466216564	4	800	200	10000	10000	10000	0	0	0	11.5	3.804500103	1	-3.7001731396	47.2480010986	3			Transfer Complete 	
11:41:33	0	4.19E-08	0.3199999928	0.0806000009	1000	50.901599884	89.9339981079	1000	820	2744	1.1627998352	19.9952011108	0.1055984497	-0.0537605286	0.0271987915	750	750	40.4000015259	1234.6240234375	22	-32768	19.1995315552	4.9949998856	0.6274527907	0.5	14.7205057144	100	5.4467625618	4.0347013474	4	800	200	10000	10000	10000	0	0	0	11.5	4.0043997765	1	-3.7001731396	39.9970016479	3			Transfer Complete 	
11:41:43	0	4.19E-08	0.3199999928	0.0806000009	1000	50.9016990662	89.9069976807	1000	820	2658	1.1570396423	19.9952011108	0.1055984497	-0.0515213013	0.0239982605	750	750	40.4000015259	1234.6240234375	22	-32768	19.5144805908	4.9949998856	0.7398062348	0.5	14.7281618118	100	5.7142500877	3.8345198631	4	800	200	10000	10000	10000	0	0	0	11.5	4.404900074	1	-3.7001731396	52.4179992676	3			Transfer Complete 	
11:41:53	0	4.19E-08	0.3199999928	0.0806000009	1000	50.9017982483	90.0749969482	1000	820	2587	1.1714401245	19.9952011108	0.1040000916	-0.0515213013	0.0271987915	750	750	40.4000015259	1233.8160400391	22	-32768	19.4746627808	4.9949998856	0.6318415999	0.5	14.7333879471	100	5.8944129944	3.8834533691	4	800	200	10000	10000	10000	0	0	0	11.5	4.741300106	1	-3.7001731396	63.0009994507	3			Transfer Complete 	
11:42:03	0	4.18E-08	0.3210000098	0.0806000009	1000	50.9014015198	89.8850021362	1000	820	2753	1.1642398834	19.9952011108	0.1055984497	-0.0492782593	0.0239982605	750	750	40.4000015259	1235.0279541016	22	-32768	19.415178299	4.9949998856	0.3505192101	0.5	14.7403020859	100	6.3766188622	3.5943083763	4	800	200	10000	10000	10000	0	0	0	11.5	5.0050001144	1	-3.7001731396	53.1669998169	3			Transfer Complete 	
11:42:13	0	4.18E-08	0.3210000098	0.0806000009	1000	50.9020004272	89.9039993286	1000	820	2689	1.1664009094	19.9920005798	0.1055984497	-0.0515213013	0.0271987915	750	750	40.4000015259	1233.4119873047	23	-32768	19.458316803	4.9949998856	0.4576060474	0.5	14.747303009	100	6.779955864	3.5631682873	4	800	200	10000	10000	10000	0	0	0	11.5	5.4039998055	1	-3.7001731396	40	3			Transfer Complete 	
11:42:23	0	4.18E-08	0.3199999928	0.0806000009	1000	50.9019012451	90.1019973755	1000	820	2725	1.163520813	19.990398407	0.1055984497	-0.0492782593	0.0223999023	750	750	40.2999992371	1227.5379638672	23	-32768	19.3395881653	4.9949998856	0.5121735334	0.5	14.7524204254	100	6.97296381	3.6752686501	4	800	200	10000	10000	10000	0	0	0	11.5	5.6051001549	1	-3.7001731396	45.0429992676	3			Transfer Complete 	
11:42:33	0	4.18E-08	0.3199999928	0.0806000009	1000	50.9019012451	89.9000015259	1000	820	2717	1.1606407166	19.9952011108	0.1055984497	-0.0515213013	0.0239982605	750	750	40.4000015259	1233.4119873047	23	-32768	19.3222312927	4.9949998856	0.5876609683	0.5	14.7573127747	100	7.4013252258	3.6245529652	4	800	200	10000	10000	10000	0	0	0	11.5	6.0050997734	1	-3.7001731396	61.0950012207	3			Transfer Complete 	
11:42:43	0	4.17E-08	0.3219999969	0.0806000009	1000	50.9015007019	90.0699996948	1000	820	2601	1.161359787	19.9952011108	0.1055984497	-0.0559997559	0.0271987915	750	750	40.5	1240.5150146484	23	-32768	19.2805995941	4.9949998856	0.444732219	0.5	14.7621679306	100	7.7111377716	3.6921722889	4	800	200	10000	10000	10000	0	0	0	11.5	6.2053999901	1	-3.7001731396	59.7420005798	3			Transfer Complete 	
11:42:53	0	4.17E-08	0.3199999928	0.0806000009	1000	50.9017982483	90.077003479	1000	820	2758	1.1649608612	19.9952011108	0.1055984497	-0.0515213013	0.0239982605	750	750	40.2999992371	1230.3590087891	23	-32768	19.5847797394	4.9949998856	0.2810298204	0.5	14.7669830322	100	7.7952122688	3.8416380882	4	800	200	10000	10000	10000	0	0	0	11.5	6.6051998138	1	-3.7001731396	43.8969993591	3			Transfer Complete 	
11:43:03	0	4.17E-08	0.3210000098	0.0806000009	1000	50.9015007019	89.8460006714	1000	820	2783	1.163520813	19.9952011108	0.1055984497	-0.0515213013	0.0239982605	750	750	40.2999992371	1228.3439941406	23	-32768	19.4015235901	4.9949998856	1.0843274593	0.5	14.7729759216	100	7.9625430107	3.7642378807	4	800	200	10000	10000	10000	0	0	0	11.5	6.8055000305	1	-3.7001731396	41.4140014648	3			Transfer Complete 	
11:43:13	0	4.17E-08	0.3210000098	0.0806000009	1000	50.9014015198	89.8420028687	1000	820	2870	1.1592006683	19.9952011108	0.1055984497	-0.0515213013	0.0223999023	750	750	40.4000015259	1233.4119873047	23	-32768	19.4947605133	4.9949998856	1.1318727732	0.5	14.7815198898	100	8.3058233261	3.6503539085	4	800	200	10000	10000	10000	0	0	0	11.5	7.2048997879	1	-3.7001731396	55.9760017395	3			Transfer Complete 	
11:43:23	0	4.16E-08	0.3210000098	0.0806000009	1000	50.9014472961	90.0839996338	1000	820	2721	1.1627998352	19.9952011108	0.1055984497	-0.0515213013	0.0239982605	750	750	40.2999992371	1227.1350097656	23	-32768	19.308675766	4.9949998856	0.4397582412	0.5	14.7919025421	100	8.6450462341	3.6405670643	4	800	200	10000	10000	10000	0	0	0	11.5	7.4057998657	1	-3.7001731396	63.0040016174	3			Transfer Complete 	
11:43:33	0	4.16E-08	0.3199999928	0.0806000009	1000	50.901599884	89.9349975586	1000	820	2674	1.1592006683	19.996799469	0.1055984497	-0.0559997559	0.0256004333	750	750	40.5	1240.5150146484	22	-32768	18.9700298309	4.9949998856	0.6245269179	0.5	14.8033494949	100	8.6582927704	3.8158385754	4	800	200	10000	10000	10000	0	0	0	11.5	7.8057999611	1	-3.7001731396	48.5929985046	3			Transfer Complete 	
11:43:43	0	4.16E-08	0.3199999928	0.0806000009	1000	50.901599884	90.0090026855	1000	820	2654	1.1721591949	19.9952011108	0.1072006226	-0.0559997559	0.0239982605	750	750	40.4000015259	1234.6240234375	23	-32768	19.500617981	4.9949998856	1.4835623503	0.5	14.8125371933	100	8.6972198486	3.9635252953	4	800	200	10000	10000	10000	0	0	0	11.5	8.0055999756	1	-3.7001731396	39.9990005493	3			Transfer Complete 	
11:43:53	0	4.15E-08	0.3199999928	0.0806000009	1000	50.901550293	90.0360031128	1000	820	2718	1.1570396423	19.9952011108	0.1055984497	-0.0515213013	0.0239982605	750	750	40.2999992371	1228.7469482422	22	-32768	19.3626613617	4.9949998856	0.8980957866	0.5	14.8195390701	100	8.7191753387	3.9644179344	4	800	200	10000	10000	10000	0	0	0	11.5	8.4060001373	1	-3.7001731396	51.3219985962	3			Transfer Complete 	
11:44:03	0	4.15E-08	0.3199999928	0.0806000009	1000	50.901599884	90.0690002441	1000	820	2705	1.163520813	19.9920005798	0.1040000916	-0.0515213013	0.0239982605	750	750	40.4000015259	1233.8160400391	22	-32768	19.4314556122	4.9949998856	0.9459337592	0.5	14.827252388	100	8.8691921234	3.8843414783	4	800	200	10000	10000	10000	0	0	0	11.5	8.7573003769	1	-3.7001731396	63.0009994507	3			Transfer Complete 	
11:44:13	0	4.15E-08	0.3199999928	0.0806000009	1000	50.9020462036	89.8740005493	1000	820	2757	1.1555995941	19.9920005798	0.1055984497	-0.0559997559	0.0239982605	750	750	40.2999992371	1229.5529785156	22	-32768	19.1179885864	4.9949998856	1.1589370966	0.5	14.8348789215	100	8.8454942703	3.9608581066	4	800	200	10000	10000	10000	0	0	0	11.5	9.0058002472	1	-3.7001731396	54.8829994202	3			Transfer Complete 	
11:44:23	0	4.15E-08	0.3199999928	0.0806000009	1000	50.9016990662	90.09400177	1000	820	2643	1.1627998352	19.996799469	0.1055984497	-0.0559997559	0.0239982605	750	750	40.2999992371	1228.3439941406	22	-32768	19.2749958038	4.9949998856	0.9408134818	0.5	14.8416013718	100	9.1106595993	3.8158385754	4	800	200	10000	10000	10000	0	0	0	11.5	8.8046998978	1	-3.7001731396	42.9399986267	3			Transfer Complete 	
11:44:33	0	4.15E-08	0.3199999928	0.0806000009	1000	50.9016494751	89.93800354	1000	820	2800	1.1671199799	19.9952011108	0.1055984497	-0.0559997559	0.0239982605	750	750	40.5999984741	1244.7960205078	22	-32768	19.1491260529	4.9949998856	0.46872437	0.5	14.8472013474	100	9.4208841324	3.7366592884	4	800	200	10000	10000	10000	0	0	0	11.5	8.6047000885	1	-3.7001731396	40.6870002747	3			Transfer Complete 	
11:44:43	0	4.14E-08	0.3219999969	0.0806000009	1000	50.9017524719	90.016998291	1000	820	2562	1.1620807648	19.9952011108	0.1072006226	-0.0515213013	0.0239982605	750	750	40.4000015259	1233.8160400391	22	-32768	19.3658542633	4.9949998856	0.9849941134	0.5	14.853307724	100	9.8483295441	3.6049818993	4	800	200	10000	10000	10000	0	0	0	11.5	8.2045001984	1	-3.7001731396	57.4099998474	3			Transfer Complete 	
11:44:53	0	4.14E-08	0.3199999928	0.0806000009	1000	50.9020004272	90.0179977417	1000	820	2622	1.1584796906	19.9952011108	0.1040000916	-0.0515213013	0.0223999023	750	750	40.4000015259	1233.8160400391	22	-32768	19.4206943512	4.9949998856	0.4535098374	0.5	14.860291481	100	10.5387029648	3.3096084595	4	800	200	10000	10000	10000	0	0	0	11.5	8.0044002533	1	-3.7001731396	63.0040016174	3			Transfer Complete 	
11:45:03	0	4.14E-08	0.3210000098	0.0806000009	1000	50.9020996094	90.0400009155	1000	820	2491	1.1671199799	19.9952011108	0.1055984497	-0.0515213013	0.0223999023	750	750	40.2999992371	1228.3439941406	22	-32768	19.4438838959	4.9949998856	0.1980813891	0.5	14.8707008362	100	11.3331108093	3.2535614967	4	800	200	10000	10000	10000	0	0	0	11.5	7.6048998833	1	-3.7001731396	50.0680007935	3			Transfer Complete 	
11:45:13	0	4.14E-08	0.3199999928	0.0806000009	1000	50.9020462036	89.9629974365	1000	820	2702	1.1714401245	19.9952011108	0.1055984497	-0.0515213013	0.0239982605	750	750	40.5	1238.8950195313	22	-32768	19.286233902	4.9949998856	0.8558169603	0.5	14.8824920654	100	11.4731121063	3.6325621605	4	800	200	10000	10000	10000	0	0	0	11.5	7.3639998436	1	-3.7001731396	40	3			Transfer Complete 	
11:45:23	0	4.13E-08	0.3199999928	0.0806000009	1000	50.9016990662	89.9329986572	1000	820	2725	1.1807994843	19.9952011108	0.1055984497	-0.0492782593	0.0239982605	750	750	40.4000015259	1233.8160400391	22	-32768	19.2118244171	4.9949998856	0.4756001532	0.5	14.8902187347	100	11.3895292282	3.9021332264	4	800	200	10000	10000	10000	0	0	0	11.5	7.0046000481	1	-3.7001731396	51.4399986267	3			Transfer Complete 	
11:45:33	0	4.13E-08	0.3199999928	0.0806000009	1000	50.9021530151	89.9410018921	1000	820	2792	1.163520813	19.9952011108	0.1055984497	-0.0559997559	0.0223999023	750	750	40.2999992371	1228.7469482422	22	-32768	19.2164134979	4.9949998856	0.43610093	0.5	14.895075798	100	11.3866167068	3.9813232422	4	800	200	10000	10000	10000	0	0	0	11.5	6.6704998016	1	-3.7001731396	63	3			Transfer Complete 	
11:45:43	0	4.12E-08	0.3210000098	0.0806000009	1000	50.9021530151	89.9069976807	1000	820	2699	1.1700000763	19.9952011108	0.1055984497	-0.0559997559	0.0239982605	750	750	40.4000015259	1235.0279541016	22	-32768	19.2445468903	4.9949998856	0.5165623426	0.5	14.9003553391	100	11.3430452347	4.0177979469	4	800	200	10000	10000	10000	0	0	0	11.5	6.4045000076	1	-3.7001731396	52.8989982605	3			Transfer Complete 	
11:45:53	0	4.12E-08	0.3210000098	0.0806000009	1000	50.9017982483	90.0729980469	1000	820	2664	1.1685600281	19.9952011108	0.1055984497	-0.0537605286	0.0239982605	750	750	40.2999992371	1228.7469482422	22	-32768	19.1971797943	4.9949998856	0.4450248182	0.5	14.9052505493	100	11.0783805847	4.1823821068	4	800	200	10000	10000	10000	0	0	0	11.5	6.0046000481	1	-3.7001731396	39.9990005493	3			Transfer Complete 	
11:46:03	0	4.12E-08	0.3199999928	0.0806000009	1000	50.9020996094	89.9039993286	1000	820	2724	1.1592006683	19.9952011108	0.1055984497	-0.0515213013	0.0239982605	750	750	40.2999992371	1227.5379638672	22	-32768	19.1941108704	4.9949998856	0.1710170954	0.5	14.9101076126	100	11.004652977	4.1379013062	4	800	200	10000	10000	10000	0	0	0	11.5	5.804500103	1	-3.7001731396	47.172000885	3			Transfer Complete 	
11:46:13	0	4.11E-08	0.3210000098	0.0806000009	1000	50.901599884	89.9339981079	1000	820	2653	1.1570396423	19.9952011108	0.1040000916	-0.0515213013	0.0223999023	750	750	40.2999992371	1227.5379638672	22	-32768	19.4357128143	4.9949998856	1.1390411854	0.5	14.9180803299	100	10.0786142349	4.608543396	4	800	200	10000	10000	10000	0	0	0	11.5	5.4039998055	1	-3.7001731396	61.375	3			Transfer Complete 	
11:46:23	0	4.11E-08	0.3219999969	0.0806000009	1000	50.9019508362	90.0049972534	1000	820	2727	1.1584796906	19.9952011108	0.1024017334	-0.0515213013	0.0223999023	750	750	40.2999992371	1227.1350097656	22	-32768	19.3857765198	4.9949998856	0.421910435	0.5	14.9231567383	100	9.3533601761	4.7775816917	4	800	200	10000	10000	10000	0	0	0	11.5	5.2042999268	1	-3.7001731396	61.3100013733	3			Transfer Complete 	
11:46:33	0	4.09E-08	0.3190000057	0.0806000009	1000	50.9020462036	90.1999969482	1000	820	2638	1.1627998352	19.9952011108	0.1072006226	-0.0537605286	0.0239982605	750	750	40.4000015259	1235.0279541016	22	-32768	19.3676681519	4.9949998856	0.5232918262	0.5	14.9283285141	100	8.2900476456	4.9546279907	4	800	200	10000	10000	10000	0	0	0	11.5	4.8036999702	1	-3.7001731396	46.7039985657	3			Transfer Complete 	
11:46:43	0	4.11E-08	0.3199999928	0.0806000009	1000	50.9019508362	89.9319992065	1000	820	2741	1.1649608612	19.9952011108	0.1055984497	-0.0515213013	0.0223999023	750	750	40.4000015259	1233.8160400391	22	-32768	19.2110385895	4.9949998856	0.5358730555	0.5	14.9345121384	100	7.6898818016	4.8656601906	4	800	200	10000	10000	10000	0	0	0	11.5	4.6038999557	1	-3.7001731396	39.9959983826	3			Transfer Complete 	
11:46:53	0	4.1E-08	0.3210000098	0.0806000009	1000	50.901550293	89.7799987793	1000	820	2662	1.1599197388	19.9952011108	0.1072006226	-0.0515213013	0.0239982605	750	750	40.4000015259	1233.4119873047	22	-32768	19.536190033	4.9949998856	0.8923903108	0.5	14.9409370422	100	6.0191226006	5.3638825417	4	800	200	10000	10000	10000	0	0	0	11.5	4.2038002014	1	-3.7001731396	53.8880004883	3			Transfer Complete 	
11:47:03	0	4.09E-08	0.3219999969	0.0804999992	1000	50.9017982483	89.9339981079	1000	820	2633	1.1692790985	19.9952011108	0.1055984497	-0.0515213013	0.0239982605	750	750	40.4000015259	1235.8360595703	22	-32768	19.3908252716	4.9949998856	0.1084034815	0.5	14.9465932846	100	4.5847821236	5.3807845116	4	800	200	10000	10000	10000	0	0	0	11.5	4.00330019	1	-3.7001731396	63.0019989014	3			Transfer Complete 	
